Trades,PF.,P.P,W,L
30,2.2,78%,22,8
48,2.2,78%,22,8
50,2.2,78%,22,8
34,2.2,78%,22,8
72,2.2,78%,22,8
30,2.2,78%,22,8
48,2.2,78%,22,8
50,2.2,78%,22,8
34,2.2,78%,22,8
72,2.2,78%,22,8
30,2.2,78%,22,8
48,2.2,78%,22,8
50,2.2,78%,22,8
34,2.2,78%,22,8
72,2.2,78%,22,8
30,2.2,78%,22,8
48,2.2,78%,22,8
50,2.2,78%,22,8
34,2.2,78%,22,8
72,2.2,78%,22,8
30,2.2,78%,22,8
48,2.2,78%,22,8
50,2.2,78%,22,8
34,2.2,78%,22,8
72,2.2,78%,22,8
30,2.2,78%,22,8
48,2.2,78%,22,8
50,2.2,78%,22,8
34,2.2,78%,22,8
72,2.2,78%,22,8
30,2.2,78%,22,8
48,2.2,78%,22,8
50,2.2,78%,22,8
34,2.2,78%,22,8
72,2.2,78%,22,8
30,2.2,78%,22,8
48,2.2,78%,22,8
50,2.2,78%,22,8
34,2.2,78%,22,8
72,2.2,78%,22,8
30,2.2,78%,22,8
48,2.2,78%,22,8
50,2.2,78%,22,8
34,2.2,78%,22,8
72,2.2,78%,22,8
30,2.2,78%,22,8
48,2.2,78%,22,8
50,2.2,78%,22,8
34,2.2,78%,22,8
